All average thresholds from simulations:
Run #1: 0.00, 641350, 00
Run #2: 56.03, 27889, 31
Run #3: 112.06, 22303, 52
Run #4: 168.09, 18883, 60
Run #5: 224.12, 16486, 65
Run #6: 280.15, 14781, 69
Run #7: 336.18, 13762, 70
Run #8: 392.21, 12944, 68
Run #9: 448.24, 12411, 69
Run #10: 504.27, 12363, 70
Run #11: 560.30, 12169, 70
Run #12: 616.33, 12156, 70
Run #13: 672.36, 12014, 71
Run #14: 728.39, 12103, 71
Run #15: 784.42, 11992, 71
Run #16: 840.44, 11873, 72
Run #17: 896.47, 11888, 72
Run #18: 952.50, 11859, 71
Run #19: 1008.53, 11749, 71
Run #20: 1064.56, 11864, 71
Run #21: 1120.59, 11871, 72
Run #22: 1176.62, 11801, 72
Run #23: 1232.65, 11696, 73
Run #24: 1288.68, 11661, 72
Run #25: 1344.71, 11619, 73
Run #26: 1400.74, 11567, 72
Run #27: 1456.77, 11551, 73
Run #28: 1512.80, 11602, 73
Run #29: 1568.83, 11587, 73
Run #30: 1624.86, 11672, 73
Run #31: 1680.89, 11810, 73
Run #32: 1736.92, 11853, 72
Run #33: 1792.95, 11960, 73
Run #34: 1848.98, 11949, 73
Run #35: 1905.01, 12039, 73
Run #36: 1961.04, 12111, 73
Run #37: 2017.07, 12245, 73
Run #38: 2073.10, 12230, 73
Run #39: 2129.13, 12372, 73
Run #40: 2185.16, 12373, 74
Average Thresholds: 0.00, 56.03, 112.06, 168.09, 224.12, 280.15, 336.18, 392.21, 448.24, 504.27, 560.30, 616.33, 672.36, 728.39, 784.42, 840.44, 896.47, 952.50, 1008.53, 1064.56, 1120.59, 1176.62, 1232.65, 1288.68, 1344.71, 1400.74, 1456.77, 1512.80, 1568.83, 1624.86, 1680.89, 1736.92, 1792.95, 1848.98, 1905.01, 1961.04, 2017.07, 2073.10, 2129.13, 2185.16, 2241.19
Total Blackouts: 641350, 27889, 22303, 18883, 16486, 14781, 13762, 12944, 12411, 12363, 12169, 12156, 12014, 12103, 11992, 11873, 11888, 11859, 11749, 11864, 11871, 11801, 11696, 11661, 11619, 11567, 11551, 11602, 11587, 11672, 11810, 11853, 11960, 11949, 12039, 12111, 12245, 12230, 12372, 12373, 12389
Zero Blackout Houses: 0, 31, 52, 60, 65, 69, 70, 68, 69, 70, 70, 70, 71, 71, 71, 72, 72, 71, 71, 71, 72, 72, 73, 72, 73, 72, 73, 73, 73, 73, 73, 72, 73, 73, 73, 73, 73, 73, 73, 74, 74


fixed average:
Total Blackouts: 641350, 29953, 23818, 21198, 19149, 17492, 16535, 15772, 15146, 14374, 14394, 13853, 13806, 13611, 13681, 13570, 13618, 13532, 13321, 13330, 13292, 13087, 12814, 12761, 12873, 12983, 13025, 13034, 13179, 13302, 13348, 13449, 13479, 13604, 13692, 13755, 13875, 13905, 13962, 13945, 14059
Zero Blackout Houses: 0, 38, 59, 65, 68, 69, 71, 71, 71, 71, 71, 72, 72, 72, 72, 72, 72, 72, 72, 72, 72, 72, 72, 72, 73, 73, 74, 74, 74, 74, 74, 74, 74, 74, 74, 74, 74, 74, 75, 75, 75

fliped order of houses for threshold 0.00
Total Blackouts: 641410
Zero Blackout Houses: 0